10001
10002
10003
10004
10005
10006
10007
10008
10009
10010
10011
10012
10013
10015
1001552
1001553
1001554
1001556
1001562
1001563
1001576
1001577
1001578
1001579
1001580
1001581
10016
10017
10018
100181
100182
1001821
100183
100184
10019
1001911
10020
1002001
100207
100208
100209
10021
100210
100211
100212
10022
100224
1002241
1002242
1002243
1002244
1002245
1002247
1002248
1002249
1002250
1002251
1002252
1002253
1002254
1002255
1002256
1002257
10023
100231
1002343
1002344
1002346
1002347
1002348
1002349
1002350
1002351
1002352
1002354
10026
1002693
1002694
1002695
1002696
1002697
1002698
1002699
1002700
1002701
1002702
1002703
1002704
1002705
1002707
1002708
1002709
1002710
1002711
1002712
1002713
1002716
1002717
1002718
1002719
1002720
1002721
1002722
1002723
10028
10029
10030
100306
10031
1003178
10032
1003209
1003211
1003212
1003213
1003214
1003215
1003216
1003217
1003218
1003219
1003220
1003221
1003222
1003224
1003225
1003226
1003227
1003228
1003229
1003230
1003231
1003236
1003294
1003295
1003296
1003297
10033
10034
1003431
10035
10036
10037
10038
100381
100382
100383
1003832
100384
100385
1003851
1003852
1003853
1003854
1003855
1003856
1003857
1003859
1003879
100388
1003880
1003881
1003882
1003883
1003884
1003885
1003886
1003887
1003888
100389
100390
100391
100392
100393
10040
1004017
10041
10042
10043
10044
10045
10046
1004697
10047
100475
100487
100488
100489
10049
10053
10054
10055
10058
10059
10060
10061
10062
100643
100644
100645
10066
10067
10068
10069
10070
10071
10072
10073
10074
10075
100754
10076
1007657
1007658
1007692
1007693
1007694
1007695
1007696
1007697
1007698
1007699
10077
10078
1007952
1007953
10080
10081
1008161
1008252
1008258
1008259
1008260
1008261
1008263
10084
10085
10087
10088
10089
100894
100895
100896
100897
100898
100899
10090
100900
10091
10092
10093
100936
100937
10094
100944
100945
100946
100947
100948
100949
10095
10096
10097
10098
10100
10101
10102
10103
10105
10108
10111
10112
10113
10114
10115
10116
10117
10118
10119
10120
10121
10122
10126
10127
101277
101278
10128
10129
10132
10133
10135
10136
10137
10138
10139
10140
10141
10143
10144
10145
10146
10147
10148
10149
10150
10151
10152
10153
10154
10155
10156
10157
10158
10159
10160
10161
10162
10163
10164
101644
101645
101648
101649
10165
101655
101656
101657
101658
101659
10166
101663
101664
101665
101666
101667
10167
101670
101671
101672
101673
101674
101675
101676
10168
10169
10170
10171
10172
10173
10175
10176
10177
10178
10179
10180
10181
10182
10183
10184
101841
101848
101849
10185
10186
10187
102108
102233
1026956
1026957
1026966
1026967
1026969
1026970
1026971
1026972
1026973
1026974
1026976
1027716
1027982
1027983
1027994
1028753
1031270
1031271
1031272
1031274
1031277
1031278
1031279
1031280
1031281
1032363
1032364
1032365
1032366
1032367
1032368
1032369
1032370
1032371
1032372
1032373
1032374
1032375
1032376
1032377
1032378
1032379
1032380
1032381
1032382
1032383
1032384
1032385
1032386
1032387
1032388
1032389
1032390
1032391
1032392
1032393
1032394
1032395
1032396
1032397
1032398
1032399
1032400
1032401
1032402
1032403
1032404
1032405
1034335
1035793
1035794
1035795
1035796
103582
103583
103584
103585
103586
103587
103588
103589
103590
103591
103592
103593
103594
103595
103596
103597
103598
103599
103600
1036332
1036333
103776
1038732
104113
104114
104120
104121
104122
1041407
1041408
1041409
1041412
1041414
1041415
1041416
1042121
104298
1046090
1046091
1046092
1046093
1046094
1046095
1046096
1046097
1046098
1046099
1046100
1046101
1046102
1046103
1046851
1046852
1047088
1047176
1048687
1048688
1048812
1048813
1048899
1048917
1048918
1048919
1048920
1048921
1048922
1048923
1049051
1049777
1050200
1051137
105147
105148
105149
105150
105199
1052165
105255
105273
105295
105296
105297
105298
105299
1053482
1053484
1053984
105687
105688
105689
106102
106105
106106
106109
106110
106112
106113
106114
106282
106283
106342
106343
106344
106345
106346
106347
106348
106349
106350
106398
1067753
1067754
1067755
1067756
1067757
1067758
1067759
1067760
1067767
1067768
1067769
1067770
1067771
1067772
1067773
1067774
1067775
1067776
1067777
1067778
1067779
1067780
1067781
1067782
1067783
1067784
1068018
1068019
1068053
1068054
1068055
1068251
1068252
1068253
1068292
1068293
1068294
1068315
1068316
1068317
1068318
1068319
1068320
1068321
1068322
1068323
1068324
1068325
1068326
1068327
1068328
1068329
1068330
1068516
1068517
1071967
1071968
1072560
1072561
107264
107265
107266
107267
107268
107269
107270
107271
107272
107273
107274
107275
107276
107277
107278
107279
107281
107282
107283
107284
107285
107286
107287
107288
1073286
1073806
1073807
1073808
1073809
1073810
1073811
1073812
1074490
1077283
1077885
1078246
1078247
1078248
1078249
1078250
1078251
1078252
1078408
1078801
1078802
1078804
1078817
1078820
1078825
1079039
1079722
1079723
108082
1081385
108144
108145
108146
108148
108149
1081694
1082180
1082187
1082190
108516
108517
108518
1085635
1085636
108582
108586
108587
108589
108590
108591
1086039
1087181
1087182
1087183
1087184
1087185
1087186
1087187
1087188
1087189
1087190
1087191
1087192
1087193
1087194
1087195
1088028
1088030
1088033
1088057
1088058
1088059
1088089
1088090
1088129
1088130
1088131
108848
108849
108852
108853
108854
108855
108856
108857
108858
1088686
1088704
1088705
1089816
1090577
1090578
1090579
1090580
1090581
1090582
1090583
1090584
1090585
1090586
1090587
1090804
1090893
1090896
1090913
1090914
1090915
1090916
1090917
1090918
1090919
1091058
1091059
1091060
1091508
1091509
1091510
1091511
1091512
1091513
109227
109228
109229
1092446
109294
109295
109296
109297
109298
109335
109336
109337
109338
109339
109340
1093791
1093792
1093793
1093794
1093795
1093797
1093798
1093799
1093800
1093801
1093802
1093803
1093929
109473
109474
109475
109476
109477
109478
109479
109480
109481
109482
109483
109484
109485
1096280
1096448
1096449
109676
109677
109678
109680
109681
1100084
1100085
1100086
1100834
1105487
1105488
1105489
1106473
1106474
1106961
1107017
1107018
1108005
110931
110938
110939
110940
110941
110942
110943
1110705
1110706
1110707
111173
111174
1112861
1112913
111428
111451
111452
1114792
1114793
1114794
1115866
1115867
1115868
1115869
1115870
1115884
1115885
1116255
1116256
1116257
1116357
1116358
1116359
1116360
1116468
1116469
1116470
1116478
1116479
111837
111838
111839
1118393
1118394
111840
111841
1119526
112018
112019
112020
112021
112022
112046
112225
112226
112261
112262
112503
1125842
1126382
1127376
1127377
1127763
112849
112850
112851
112852
112853
112854
112856
112857
112858
1129002
1129003
113116
1131342
1131344
1131379
1132650
1132651
113271
113272
113275
113276
113277
113278
1133290
1133291
113357
1136775
1137049
1137321
1137511
1138428
1140587
1141636
1141637
1141640
1141641
1141643
1141645
1141936
114227
114228
114229
1143719
114409
114410
114411
114413
114414
114415
1144881
1147102
1147103
1147105
1147106
1147682
1156403
1156414
1156415
1157041
1157042
1157628
1157642
1157643
1157644
1158277
1158279
1158280
1158281
1158282
1158283
1158284
1158615
1158921
1158966
1158967
1158968
1158970
1158971
1158972
1158973
1158974
1158975
1158978
1159185
1159790
1159791
116058
1162376
1162377
1162378
1162379
1162380
1163663
1163664
1163723
1163725
1163727
1163729
1167227
1167295
1167678
1167679
1167681
1167682
1167684
1167882
116960
116961
116962
1170369
1170810
1174668
1175847
117601
117602
117603
117604
117605
1183062
1185514
1185641
118643
118644
118647
118648
118649
118796
118797
118798
118852
118853
118854
118855
118856
118857
118858
118859
118860
118861
118862
118863
118864
118865
1189085
1189086
1189087
1189088
1189089
1189091
1191211
1194295
1194332
1194333
1194334
1194335
1194336
119500
1195382
1195383
1195384
1195385
1195386
1195387
119561
119562
119563
119564
119565
119566
1195667
1195668
1195669
1195671
119628
119629
119630
119631
119632
119633
119634
119638
119639
119640
1196400
1196402
1196403
1196405
1196406
1196408
1196409
1197766
1197856
1197857
119814
119815
119816
119817
119818
1198221
1198222
1198223
1198224
119825
119909
120088
120089
120090
1202162
1203020
120432
1206715
120734
120735
120736
120737
120738
120739
120740
120741
120742
120743
1207988
1207989
1207990
1207991
121123
1211275
1211276
1214281
1215600
1215604
121561
121563
121564
121565
121566
121567
121568
121569
121570
121572
121573
121574
121575
121576
121577
121578
121579
121580
121581
121582
121583
121584
121585
121586
121587
121588
121589
1217594
1217595
1217596
1217597
1217598
1217599
1217600
1217601
1217602
1217603
1218238
1220054
1221214
122200
122201
122204
122219
122220
122221
122222
122223
122224
122225
122229
122230
122231
122232
122245
122246
122247
122248
122272
122273
122387
122388
1225529
1225530
1225531
1227109
122765
122953
1229624
1230391
1230393
1230481
1230482
1230840
1232899
123371
1234366
123784
123785
123786
123787
123788
123789
123790
123791
123792
123793
123794
123795
123796
123797
123799
123852
123853
123901
123933
123934
123940
123941
124745
124746
124747
124748
124749
124750
124751
124752
124753
124754
124755
124756
124757
124758
124759
126064
126149
126150
126282
126284
126285
126286
126287
126288
126289
126291
126292
126294
126295
126296
126298
126299
126301
126317
126318
126319
126320
126352
126404
126478
126479
126574
126576
126593
126594
127459
127500
127501
127559
127560
127582
128105
128106
128149
128150
128151
128432
128983
129222
129223
129224
129225
129226
129227
129228
129229
129230
129231
129232
129233
129246
129247
129303
129304
129305
129306
129307
129308
129386
129429
129430
129431
129432
129433
129434
129435
129436
129437
129438
129439
129441
129442
129801
13038
130819
130820
130821
130822
130823
130824
130825
130827
130828
130829
130830
130831
130832
130833
130834
130835
130836
130837
130838
130839
130840
130841
130842
130843
130844
130898
130899
130900
130901
130902
13124
13125
131388
13149
13150
13151
132108
132251
132254
132255
132256
132257
132258
132548
132571
132592
132609
13265
13266
13280
13281
132906
132907
132908
134510
13456
13458
13459
134600
13461
13462
13463
134742
134743
134744
134745
134746
134747
134748
134907
134908
134909
134910
134911
134912
13513
13514
13515
135160
13544
135486
13556
13557
135582
135583
135717
135827
135828
135829
136086
13615
13616
136226
13627
13628
136415
136416
136417
13712
137207
137364
137710
137711
137712
137713
137714
137772
138695
138696
138697
138698
138699
138700
138701
138702
138703
138704
138705
138706
138707
138977
138978
138979
138980
138981
139308
139309
139690
140016
140761
140762
140765
141455
141456
141457
141460
141461
141462
141463
141652
141653
141654
141655
141656
141975
142640
142641
142885
143266
143267
143281
143283
143286
143287
143288
143289
143291
143292
143299
143300
143301
143302
143319
143320
143351
143352
143353
143354
143918
143942
144198
144199
144737
144738
144753
144754
144755
144756
144772
144773
144774
144775
144776
144777
144778
144785
145406
145407
145408
145409
145410
145411
145412
145413
145523
145524
145525
145526
146129
146130
146131
146132
146133
146134
146136
146137
146631
146632
146712
147307
147308
147309
147310
147311
147312
147313
147328
147438
147439
147649
147650
148021
148022
148023
148024
148025
148026
148027
148028
148029
148030
148031
148032
148033
148034
148035
148036
148037
148038
148039
148040
148041
148042
148043
148044
148045
148046
148047
148049
148050
148051
148052
148053
148054
148055
148056
148057
148058
148059
148060
148061
148062
148063
148064
148065
148066
148067
148068
148069
148071
148072
148073
148074
148075
148076
148077
148078
148079
148080
148081
148082
148084
148085
148086
148087
148088
148089
148090
148091
148092
148093
148094
148095
148310
148965
148966
148967
148968
148969
148970
148971
148972
148973
148974
148975
148976
148977
148978
148979
148980
148981
148982
148983
149089
149090
150081
150082
150083
150084
150085
150086
150087
150088
150089
150090
150091
150110
150111
150249
151028
151030
151031
151525
152340
152341
152342
152343
152705
153284
153285
153286
153287
153288
153290
153291
153292
153293
153294
153295
153296
153297
153298
153299
154955
154956
154957
155035
155036
155037
155038
155039
155040
155041
155054
155306
155716
155915
155916
156196
156197
156198
156199
156200
156212
156370
156446
156447
156448
157540
157541
157543
157544
157668
157669
157961
157966
158318
158374
158375
158376
158747
159078
159318
159319
159320
159322
159324
159325
159326
159327
159328
159329
159330
159331
159332
159333
159334
159335
159337
159339
159714
159856
159858
159859
160398
160399
160400
160447
160448
160455
160456
160457
160595
160974
160977
161496
161598
161599
161631
161632
161633
161634
161635
161636
161637
161638
161639
161640
161642
161643
161644
161645
161646
161921
161927
161928
161929
161930
161931
161932
162168
162309
162310
162314
162629
162630
162953
162954
162955
162956
163110
163696
163697
163843
163860
163861
164324
164382
164384
164385
164517
164525
164526
164527
164528
164529
164530
164531
164610
164611
164612
164613
164614
164615
164647
164648
164650
164651
164660
164752
164931
165202
165203
165204
165828
166054
166293
167043
167044
167045
167130
167131
167725
167953
167954
168015
168239
168240
168259
169034
169057
169058
169059
169060
169185
169413
169414
169415
169416
169417
169418
169756
169825
170207
170209
170210
170211
170213
170214
170215
170216
170217
170218
170219
170220
170221
170222
170223
170224
170225
170226
170227
170228
170229
170230
170231
170232
170233
170234
170235
170236
170496
170736
170737
170738
170739
170740
171118
171119
171122
171123
171293
171945
171947
172270
172271
172272
172273
172274
173902
173903
173935
173936
173987
173988
174598
174599
174883
174884
174885
175521
175522
175523
175524
175525
175627
175808
175809
175810
175811
175812
175813
176098
176107
176108
176110
176111
176112
176113
176114
176115
176116
176117
176118
176119
176496
176497
176498
176500
176501
176502
176503
176504
176505
176508
176509
176848
176849
177159
177160
177161
177162
177163
177182
177183
177184
177185
178739
178740
178895
178896
179089
179238
181537
181538
181539
181540
181541
181542
181543
182248
182249
182250
182251
182252
182253
182254
182256
182257
182669
182671
182672
182673
182674
182675
182676
182677
182679
182680
182681
182682
183327
183328
183511
183513
183514
183515
183555
183658
183659
183660
183661
183662
183663
183721
183746
183747
183748
183749
183750
183751
183752
184063
184199
184227
184257
184258
184259
184395
184396
184456
185215
185452
185453
185454
185456
185457
185458
185590
185591
185596
185953
186193
186445
186471
186472
186473
186474
186476
186477
186478
186842
186990
186991
186994
186995
186998
187001
187002
187003
187004
187005
187006
187007
187008
187009
187010
187011
187012
187013
187014
187015
187016
187017
187018
187019
187020
187021
187022
187267
187268
187391
187398
187411
187985
188139
188140
188536
188567
188568
188569
188570
188571
188572
189058
189653
189654
189655
189736
189981
190117
190446
190447
190448
190449
190450
190451
190452
190453
190454
190455
190470
190471
190472
190473
190474
190504
190507
190508
190509
190511
190651
190652
190653
190654
190719
190720
190799
190822
191034
191035
191382
191431
191607
191608
191609
191816
191870
191871
191872
191873
192400
192401
192402
192403
192405
192406
192407
192408
192409
192410
192603
192642
192724
192725
192726
192855
192856
192857
192858
192859
192860
192861
192862
192863
192864
192865
192866
192867
192868
192869
192881
192883
192893
192959
193455
194539
196085
196086
196087
196088
196296
196297
196298
196387
196388
196419
196629
196630
196700
196701
196889
197539
197540
197773
197782
197787
198114
198115
198627
198701
198702
200155
200929
200942
200943
200944
201716
201717
202006
202256
202257
202263
202265
202266
202275
202453
202457
202458
202792
202793
202794
203484
203680
203681
203684
203695
203696
203698
203824
204262
204263
204264
204265
204266
204267
204747
205594
205595
205596
205597
205598
205599
205648
205649
205651
205652
205653
205654
205655
205656
207341
207342
207598
208089
208091
208364
208510
208969
208971
208972
209424
209425
209426
209427
209428
209429
209855
209857
209858
209863
209864
209865
209866
209867
209868
209869
209870
209871
209872
209873
210166
210641
210642
210643
210644
210645
210646
210647
210648
210649
210650
210651
210652
210653
210654
210726
210810
210823
210824
211011
211471
211472
211508
211636
211798
213252
213498
213499
213500
213557
213657
214440
214441
214442
214443
214444
214445
214446
214447
214448
214449
214450
214451
214452
214453
214454
214455
214456
214457
214458
214459
214460
214461
214462
214463
214464
214465
214466
214510
214511
214512
214513
214514
214933
214934
215635
215636
216181
216182
216613
216878
217614
217708
217956
218539
218540
218778
218784
218785
218787
218788
218789
218790
218791
218792
218793
218794
218796
218799
218800
218805
218817
218820
218824
218825
218826
218833
218834
218835
218836
218837
218838
218839
218840
218841
218842
218844
219104
219105
219106
219107
219108
219110
219112
219115
220101
220337
220928
221086
221087
221088
221089
221090
221128
221155
221156
221157
221158
221159
221160
221272
221446
221578
221579
221682
221693
221694
221695
221696
221697
221698
221699
221700
221701
221702
221704
221912
221913
221914
221923
221924
221980
221981
222416
222417
222862
222863
223564
223565
223566
223567
223568
223847
223998
224329
224400
224731
224732
224954
224955
225042
225043
225044
225045
225176
225199
225399
225400
225401
225402
225403
225404
225405
225727
225728
225729
226545
226546
226547
226548
226549
226550
226551
226554
226555
226557
226558
226562
226563
226566
226567
226570
226571
226572
226573
226574
226575
226576
226577
226678
226679
226680
226681
226682
226683
226684
226685
226686
226687
226691
226692
226694
226695
226696
226697
226698
226699
226810
226811
226812
226813
226814
226815
226816
226817
226818
226819
226820
226821
226822
226834
226835
226840
226841
226848
226849
226854
226855
226859
226860
226865
226870
226872
226875
226940
227087
227165
227166
227167
227508
227729
227730
227737
227738
227739
227858
227887
228255
228256
228257
228401
228609
229052
229053
229054
229288
230078
230079
230080
230081
230082
230083
230084
230106
230112
230113
230151
230171
230172
230186
230187
230653
230741
230833
230844
231150
231151
231237
231416
231747
231882
231883
231953
232091
232336
232337
233182
233183
233765
233766
233861
234626
234627
234628
234629
234634
234638
234639
234670
234679
234683
234689
234690
234933
234934
235200
235202
235203
235204
235207
235208
235209
235648
235649
235650
235651
236272
236274
236275
236287
236288
236481
236487
236488
237658
237659
237984
237994
237995
237997
237998
237999
238000
238001
238002
238003
238004
238005
238006
238007
238008
238010
238011
238835
239728
240004
240218
240219
240371
240372
240373
240374
240375
240376
240377
240378
240584
240585
240586
240587
240588
241098
241099
241100
241101
241102
241103
241142
241143
241144
241146
241147
241151
241152
242126
242194
242195
242196
242197
242383
242384
242524
242525
242598
242915
243066
243068
243069
243070
243214
243215
243217
244174
244175
244218
244255
244585
245070
245071
245093
245180
245181
245184
245787
246391
246392
246395
246436
246437
246438
246552
246553
246814
246816
246822
246823
246881
246882
247997
247998
247999
248000
248001
248002
248003
248004
248005
248006
248007
248008
248009
248010
248011
248012
248013
248014
248015
248016
248132
248133
248254
248493
248494
248495
248793
248794
248796
248797
248798
248799
248811
248812
248813
249003
249006
249007
249008
249009
249010
249011
249012
249013
249014
249015
249016
249017
249018
249019
249020
249021
249024
249028
249031
249033
249034
249182
251093
251094
251273
251274
251276
251277
251311
252603
253151
253152
253247
253258
254704
254705
254706
254707
254708
254709
254710
255064
255217
255237
255365
255734
255735
255736
255737
255738
255739
255740
255741
255742
256042
256419
256420
256595
256803
257447
257448
257473
257693
257694
257696
257697
257698
257700
257701
257702
257864
257877
257879
257881
257882
257883
257884
258242
258771
258772
258773
258774
258842
258843
258862
258863
258864
258865
258866
258867
258869
258889
258906
258908
258909
258910
258918
258919
258920
258925
258926
258927
258928
258929
258930
258931
258932
258933
258934
258935
258936
258937
258938
258939
258940
258941
258942
258943
258944
258945
258946
258947
258948
258949
258950
258951
258952
258953
258954
258955
258956
258957
258958
258959
258960
258961
259021
259022
259023
259024
259025
259049
259050
259051
259052
259053
259054
260575
260821
260984
260985
260988
260989
260990
260991
261002
261003
261004
261005
261316
261731
261732
261733
261734
261735
261736
261737
261738
261739
261740
261741
261752
261754
261755
261756
261757
261758
261759
261873
261874
261875
262051
262110
262111
262468
262775
263448
263450
263451
264759
265731
265733
266798
266836
268291
268751
268754
268755
268756
268757
268758
268759
268760
268765
268767
268768
268769
268770
268771
268772
268773
268774
268775
268937
269270
269271
269272
269632
269648
269649
269650
269651
269652
269653
269654
269655
269657
269658
269772
270236
270352
270353
270354
270499
270538
270540
270674
270675
270677
270678
270679
270680
270698
270735
270763
270764
270766
270767
270768
270769
270770
270771
270772
270774
270775
270776
270777
270778
270779
270780
270781
270782
270783
270784
270785
270786
270924
270925
270926
270927
270928
271025
271260
271261
271461
271462
271463
271464
271465
271602
271646
272114
272115
272117
272118
272119
272120
272121
272214
272460
272462
272619
272799
272800
272803
273385
273761
273789
273790
273791
273792
273908
273909
273910
273911
273912
273913
273914
273915
273916
273917
273918
273920
273921
273922
274686
27591
27592
27596
27598
27601
27602
27603
27604
27605
27606
27607
27608
27609
27610
27611
27612
27613
27614
27615
27616
27617
27618
27619
27620
27621
27622
27623
27624
27625
27626
27627
27628
27629
27631
27632
27633
27634
27637
27638
27641
27642
27643
27644
27645
27646
27647
27654
27657
27658
27659
27660
27661
27662
27663
27664
27665
27666
27667
27668
27669
27670
27671
27672
27673
27674
27675
27679
27680
27681
27682
27683
27684
278198
278199
278200
278201
278713
279152
279181
279182
279183
279184
280038
280160
280163
280755
280856
280973
280975
280976
280979
281404
281405
282189
282190
282191
282341
282342
283491
283924
284438
284439
284517
284518
284520
284521
284522
284669
284671
285027
285280
285350
285954
285955
286131
286419
286599
28734
28735
28736
28737
288025
288026
288544
288697
288698
288699
288892
289184
289185
289486
289487
289488
289489
289490
289491
289492
290246
290248
290249
290250
290562
290563
290564
290565
290566
290567
290568
290569
290570
290571
290591
290592
290597
29061
29062
29063
29064
29065
29066
29067
29073
29075
29076
29077
29078
29079
29080
29081
29082
29083
29084
290846
29085
29086
29087
29088
29089
29090
29091
29092
29094
29095
29096
29098
29099
29100
29101
29102
29103
29104
29105
291050
29106
29107
29108
29109
29110
29111
291113
291114
291115
29112
29113
29114
29115
29116
29117
29118
29119
29120
29122
29124
29125
291259
29126
29127
29128
291287
29129
291299
29130
291300
291301
291302
29131
29132
29135
291354
29136
29137
29138
29139
292207
292213
293817
293818
294648
294649
294650
294653
294654
294655
294656
297005
297253
297284
297337
297338
297339
297387
298109
298110
298410
298411
298412
298877
298880
298881
298882
298883
298884
298885
298886
298887
298888
298889
298890
298891
298892
298893
298894
298895
298896
298897
299624
300161
300163
300166
300519
300626
300627
300877
301146
301155
301157
301158
301482
301547
302098
302395
302396
302397
302399
302400
302402
302404
302407
302408
302410
302411
302412
302413
302418
302710
302711
303306
303307
303485
303588
303926
303927
303928
303929
303930
304335
304401
304409
304410
30520
30521
30522
30523
30527
30528
30531
30532
30533
30535
30536
30538
30539
30540
30541
30542
30543
30544
30545
30546
30547
30548
30549
30550
30551
30552
30553
30554
30556
30558
30559
30560
30562
30576
30577
30578
30579
30581
30582
30583
30584
30586
30587
30588
30589
30590
30591
30592
30593
30594
30595
30596
30597
30598
30599
30600
30601
30602
30603
306042
306043
306044
306045
306046
306047
306048
306049
306050
306051
306052
306062
306063
306064
30608
30609
30610
30611
30612
30613
30614
30615
30616
30617
30618
30619
30620
30621
30622
30623
30624
30625
30626
30627
30628
30629
30635
30636
30637
30638
30639
30640
306429
306430
306431
306432
306433
306435
306436
30644
30645
30646
30648
30649
30650
30656
30657
30658
30659
30660
30662
30666
30667
30668
30669
30670
30671
30672
307105
307106
307107
307108
307109
309715
309716
309717
309719
309720
309913
309914
310260
310261
310262
310263
310264
310265
310266
310267
310268
310269
310270
310271
310272
310328
310341
310352
310402
310711
310712
310713
310714
310752
310932
310933
310934
311186
311220
311338
311557
311559
311560
311561
311562
311790
312065
312066
312069
314145
314146
314147
314293
314294
314295
314585
315376
315377
315378
316107
316108
316109
316110
316111
316112
316113
316114
316115
316116
316387
317981
317982
318598
31869
319229
319462
319463
319465
319466
319467
319523
319524
319525
319526
319527
319529
319699
319811
319812
319813
319814
319815
319816
319817
319818
319819
319829
320337
320338
320339
320340
320341
320342
320343
320358
320359
320362
320430
320431
320468
320550
320551
320553
320554
320555
320556
320633
320634
320635
320636
320637
321137
321263
322020
322021
322022
322023
322024
322025
322026
322027
322708
322709
322711
322712
322713
323362
323367
323368
323369
323370
323371
323373
323374
323375
323376
323377
323378
323379
323380
323381
323382
323441
323442
324671
324708
325165
325166
325167
325172
32525
32528
32529
32530
32531
32534
32535
32536
32538
32541
32542
32543
32544
32545
32546
32548
32549
32550
32551
32552
32553
32554
32556
32557
32558
32559
32560
326080
326081
326083
326150
326151
326408
326575
326576
326577
327374
327499
327500
327501
327502
327503
327504
327506
327507
327558
327559
327561
327948
327957
328362
328363
328364
328365
328690
328691
328699
328804
328961
328967
328968
329382
329383
329620
329621
329622
329623
329624
329625
329626
329627
329629
329630
329631
329632
329633
329634
329635
329636
329637
329758
329863
329870
329871
329872
329887
329888
329889
330464
330465
330589
330590
330591
330592
330593
330594
330595
330596
330597
330598
330599
330600
330601
330602
330603
330604
330605
330606
330607
330608
330609
330610
330611
330612
330613
330614
330615
330616
330617
330618
330619
330620
330621
330622
330623
330624
330625
330626
330627
330628
330629
330630
330631
330632
330633
330634
330635
330636
330637
330638
330639
330640
330703
330944
331036
331605
331606
331607
332176
332290
332291
332292
332293
332473
332474
332475
332660
332661
332663
332664
332665
332666
332667
332668
332671
332672
332673
332678
333388
333389
333390
333391
333392
333744
334198
334199
334200
334201
334575
33542
33543
33544
33545
33546
33548
33550
33551
33552
33553
33554
33556
33558
33559
33560
33561
33562
336983
337210
337212
337213
337214
337220
337221
337222
337223
337224
337225
337226
337227
337228
337229
337230
337452
337453
337582
337583
337584
337585
337586
337587
337588
337664
337669
337673
337677
337687
337711
337720
337722
337724
337726
337729
337730
337733
337736
337737
337748
337752
337822
337963
338151
338152
338153
338154
338155
338418
338419
338420
338729
339609
339610
339611
339612
339613
339614
339999
340076
340178
340179
340180
341674
342090
342398
342399
342401
342584
342585
342807
342860
342861
342862
343424
343907
343908
344223
344224
344269
344270
344753
344906
345739
346063
347513
347518
347532
348153
348154
348155
34824
34825
34826
34827
34828
348288
34829
348295
34830
34834
34835
34836
348362
34837
34838
34839
34841
34842
34843
34844
34845
34846
34847
34849
34854
34855
34856
34857
34858
34860
348608
34861
34862
34865
34866
34868
34869
34870
34871
34872
34873
34874
34875
34876
34877
34878
34879
34880
34881
34882
34883
34884
34885
34886
34887
34888
34890
34891
34892
34893
34894
34895
34897
34898
34899
349162
349693
349694
349695
349696
349697
349700
349701
349702
349703
349704
349705
349706
349707
349709
349710
349711
349712
349713
349722
349723
350805
350806
352468
352831
352832
354189
354190
354191
354741
354742
354743
35497
35499
35500
35506
35507
35508
35509
35510
35531
35580
35609
35658
35659
35660
35661
35662
35663
35664
35665
35666
356665
356666
35667
35668
35732
35734
35735
357352
35736
35737
35738
35739
358128
358129
358130
358131
358132
359030
359394
359807
360157
360158
360159
360160
360161
360163
360966
360967
361450
361451
361452
361453
361454
361455
361456
361457
361674
362074
36223
36224
36225
36226
36227
36228
36229
36230
36231
36233
362335
362336
36234
36236
36237
36238
36239
36240
362823
362824
362825
362826
362872
363229
363230
363571
363578
363579
363580
363600
363601
363602
364155
364245
364246
364256
364258
364774
36483
36513
365145
365146
365147
365148
365149
365610
366500
36721
36722
36723
36795
36796
36797
36798
36799
36800
36801
36802
36803
368737
369710
37010
37011
37012
37014
37015
37017
37018
37019
37020
37022
37024
37025
37026
37027
37028
37029
37030
37031
37032
37034
37035
371034
371035
371038
371039
371400
37169
37170
37171
37172
37173
37174
37175
37176
37177
37178
37179
37180
37181
37182
371826
371827
37183
37184
37185
37186
37187
37188
37189
37190
37191
37192
37193
37194
372063
372064
372076
372077
372560
372564
37293
37294
37295
373030
373031
373032
373033
37316
373387
373388
37347
37348
37349
373515
373516
373678
37435
37436
37437
37438
37439
37440
37441
374419
37442
37443
37445
37446
37548
37549
37550
37551
375553
375554
375578
375579
37588
37589
37591
376141
376555
376626
376911
376912
376913
376915
376916
376917
376918
376919
37696
37698
37699
37702
37736
37737
37751
378042
378195
378196
378216
378517
378670
378671
378672
378673
378674
378749
378750
378754
378850
378855
37886
37887
37888
37889
37890
379093
37950
379504
379505
379532
379582
379583
379584
379588
379589
379594
379650
380177
38020
380228
380359
38039
38066
38068
38069
38070
38071
382396
38241
382724
383736
38408
38409
384633
384634
384635
384940
384941
384942
385035
385036
385037
385575
38597
38598
38599
38600
38601
38602
38603
38604
38605
38606
38607
38608
38609
38610
38611
38612
38613
38614
38615
38616
38617
38618
38619
38620
38621
38622
38623
38624
38625
38626
38627
38628
38629
38630
38631
38632
386447
386448
38662
38663
38664
38665
38666
38667
38668
38669
38670
38671
38672
38673
38674
38675
38677
386771
386772
386773
386774
38678
38679
38774
38775
38776
387911
387912
38841
38842
388736
389261
389262
389263
389264
389267
389268
389337
389470
39030
39051
39053
39081
39082
39083
39084
390847
390848
39086
39087
39088
39089
39090
39097
39107
39108
391180
39181
39182
391902
392004
392005
392007
392008
392318
392319
392506
392507
392815
39293
39304
393600
393601
393702
394056
39410
39411
39422
39432
39442
394588
39472
395009
395025
395346
395347
395348
39582
395838
395839
39705
397097
397330
397331
397332
397333
397343
397613
397614
397615
397616
397661
397748
397749
397750
397751
397752
398063
398439
398451
398452
399178
399228
399229
399230
399231
399232
399233
399234
399235
399315
399316
399317
399782
399793
400023
400052
400053
400054
400184
400185
400186
400405
400481
40140
40141
40142
40143
40150
40151
402030
402239
40224
402244
40225
40226
40227
40228
40229
40230
40231
40232
40233
40234
40235
40236
40237
40238
40239
40240
402423
402888
402889
40297
403079
403080
403081
403082
40322
404336
405039
406788
406805
406806
406807
406808
406809
406810
406811
406812
406813
407171
407206
40843
408722
408872
408873
409016
409017
409018
409019
409020
409021
409022
409023
409024
409025
409027
409028
409029
409030
409031
409032
409033
409036
409037
409038
409039
409040
409042
409046
409047
409048
409049
409050
409051
409052
409053
409054
409055
409056
409057
409058
409059
409060
409372
409373
409374
409608
409609
409885
41009
41010
410297
410298
410299
410300
410301
410302
410303
410305
410306
410827
410828
410850
410851
410852
411108
411605
411606
411607
411608
411609
411610
411875
41199
412088
412089
412090
412091
412092
412093
412094
412095
412096
41260
41261
41262
41264
41265
41266
41268
41269
41270
41271
41272
412750
412751
412752
412758
412759
412760
412761
413234
413580
413581
413582
413807
41425
41426
414442
414443
414444
414450
414451
414523
414524
415383
415707
415708
415757
415933
415934
415935
415936
415977
415978
416366
416809
416810
41805
41806
41807
418654
418655
418656
418657
418658
418659
418660
418662
418663
418664
41893
419013
419130
419588
419612
420362
42058
42059
42060
42061
42100
421001
42146
42147
42150
42151
42152
42254
423059
423060
42324
423244
42325
423449
423450
42346
423565
423566
423606
423607
423608
423609
423610
423611
42407
42408
42409
42410
42411
42412
42413
42414
42415
42416
424585
42473
425030
425032
425033
425181
42520
425200
425201
425245
425246
425934
42712
42713
42714
42715
42716
42717
42718
42719
42720
42721
42722
42724
42725
42726
42727
42729
42730
42731
42732
42733
427615
427616
42826
42827
42828
42829
42830
42831
42832
42834
428551
429566
429567
429568
429569
430491
430492
430900
430913
431208
431209
431210
431211
431212
431213
431214
431215
431216
431217
431218
431219
431220
431221
431222
431223
431224
431225
431226
431227
431228
431229
431230
431231
431232
431233
431234
431235
431236
431237
431238
431239
431240
43147
43179
431882
431883
431884
431885
431886
431887
431888
432356
432357
432588
432589
432590
432591
432592
432593
43317
43318
43319
43320
43321
43323
43324
43325
43326
43327
43328
43329
43330
43331
43332
43333
43334
433358
433359
433360
433365
433366
43347
435255
435256
435406
435433
435434
435435
435436
435437
435438
435439
435440
435441
435442
435443
435444
435446
435447
435448
435449
435450
435451
435452
435453
435454
435455
435456
435457
435458
435459
435460
435461
435462
435463
435464
435465
435466
435467
435468
435469
435470
435471
435472
435473
435474
435476
435477
435478
435479
435480
435481
435482
435483
435484
435485
436448
436502
436903
436904
436908
43777
43778
43779
43780
438763
438766
439030
439226
439323
439324
439325
439326
439327
439328
439458
439460
439461
440272
441215
441364
441537
441538
442103
44233
44234
44239
44240
44241
44242
442565
442566
442567
442568
442569
442570
442571
442572
442575
442576
442577
442578
442579
442580
442581
442582
442583
442584
442585
442586
442587
442588
442589
442590
442591
442592
442593
442594
442595
442596
442597
442598
442599
442600
442601
442602
442603
442604
442605
442606
442607
442608
442609
442610
442611
442612
442613
442614
442615
442616
442617
442618
442619
442620
442621
442622
442623
442624
442625
442626
442659
442845
442846
442964
443227
443256
443911
444095
446352
446353
446905
446906
446907
446908
446909
446910
447134
447135
447795
448077
448083
448084
448085
449501
449596
450266
450267
450943
450944
450945
451110
451111
451763
451894
452595
452596
452597
452640
452641
452642
452643
452644
452645
452646
452650
452653
452654
452670
45466
45467
45468
45469
45470
45471
45472
45473
45474
45476
45477
45478
45479
45480
45481
45482
45483
45484
45485
45486
45487
45488
456472
456473
456970
456971
456972
456973
456974
457560
45781
458171
458173
458289
458290
458291
458292
458293
458294
458295
458296
458313
458314
458316
458317
458318
458319
458320
458323
458324
458325
458326
458328
458329
458416
458417
458418
458640
458641
458642
458643
458644
458645
458646
458857
458858
458859
458860
458861
458862
458863
458864
460101
460102
460136
460674
460675
46122
461394
461395
461396
461397
461398
461399
461400
461403
461404
461409
461410
461413
461414
461415
461416
46166
46167
461707
461708
461709
461710
46219
462300
463207
463581
46359
46360
463801
463802
463803
463804
463805
463806
463807
463808
463810
463811
46456
465451
465452
465453
465454
465717
465718
465719
466156
466157
466158
466159
466160
466161
466162
466163
466164
466165
466166
466207
468371
46841
46842
46844
468674
468675
468676
468677
468678
468679
468680
468681
468682
468683
468684
468685
468686
468912
469768
469796
469900
470139
470560
470561
470562
471460
471461
471462
471727
47177
47178
47180
471877
471878
472238
472295
47230
472706
472707
472708
472709
472710
472711
472712
472713
472760
472761
472762
472763
472764
473034
473865
473866
473867
475184
475185
475452
475618
475619
475773
475774
475978
476203
476259
476260
476283
476284
476587
476588
476589
47665
477174
477815
477816
478518
478558
478559
478560
478561
478562
478564
478565
478592
478698
478826
479477
479479
479705
479706
47972
479722
479723
479724
479725
47973
47974
48005
48006
48008
48009
48010
48011
48012
48013
48014
48015
48016
48017
48018
480662
480663
48082
48083
48084
48085
48086
48087
48088
48089
48090
480976
480977
480978
480979
480980
480981
480982
480983
480984
480985
480986
480987
480988
480989
480991
481312
481313
481314
48138
48139
481572
481573
481574
48167
481680
481705
481706
481707
482536
482537
482588
482974
483426
483427
483428
483508
483535
483536
483691
483865
48418
48419
48420
48421
48422
484371
484372
484373
484375
484902
484903
484904
484905
485402
485403
485423
485424
485425
485426
485436
485437
485438
485439
485440
48560
48669
486960
48708
48722
48723
48741
48742
48743
48744
48745
48746
48747
48750
48752
48781
48783
48784
487985
48842
48850
48851
48852
48867
48868
48896
48897
48898
48899
48900
48901
48902
48904
48905
489448
48987
48988
490104
490301
490302
490303
490304
490305
490306
490373
490519
490583
49127
491753
491754
491755
491852
491853
491861
491862
491863
491864
491865
491866
491869
491870
491871
491872
491873
491874
491875
491876
491877
491878
491888
491889
492276
492277
492278
492279
492522
49271
49272
49273
49439
49440
49442
49443
49444
49445
494514
495297
495298
495299
495300
496431
496432
496433
496434
496435
496436
496437
496438
496439
496440
496441
496442
496443
496444
496445
496446
496447
496448
496449
496450
496451
496452
496453
496454
496455
496456
496457
496458
496459
496460
496461
496462
496463
496464
496465
496466
496467
496468
496469
496470
496471
496472
496473
496474
496475
496476
496477
496478
496479
496480
496481
496482
496483
496484
496485
496486
496487
496488
496489
496490
496491
496492
496493
496494
497388
497749
498182
498184
498219
498220
498354
498355
498590
499232
499546
501781
501791
502076
502077
502802
502961
50347
50352
50353
50378
50379
50380
504098
504099
504100
504101
504102
504288
504289
505845
505943
506887
50722
50723
50724
50725
507606
507607
507608
50862
508668
508710
508712
508772
509027
509028
509029
509030
509031
509032
509033
509034
509035
509036
509037
509038
509039
509040
509041
509042
509045
509051
509052
509053
509054
509055
509057
509058
509059
509060
50917
50918
50920
50921
50922
50923
50924
50925
50954
509850
51010
51011
51012
51013
51014
51015
51016
510213
51092
51153
51154
511736
511942
512570
51298
51299
51300
51337
51338
513396
51340
51341
51342
51343
51344
51345
51346
51347
51348
51372
51373
515826
515827
515828
515994
515995
516692
517012
517013
518689
518691
518692
519037
519038
519039
519040
519041
519445
519446
519447
519449
52112
52113
52114
52115
52116
52231
52232
522445
522446
522447
522528
52284
523745
523820
523821
523822
523824
523825
52407
524134
525717
52631
526407
526811
526812
526813
526814
526815
526816
526817
526818
526819
526820
526821
526822
526885
527669
527686
52801
52802
52807
52808
52811
52812
52813
52814
52886
52905
52906
52907
530166
530169
530170
530171
530172
530173
530174
530175
530176
530177
530178
530179
530180
530181
530182
530183
530184
530185
531817
531818
531819
531820
53273
53274
53275
53276
53277
53278
53279
533184
53505
535896
535897
537919
537920
537921
538996
54071
54079
54080
54081
54082
54083
54084
54085
54086
54087
54088
54089
54090
54091
54110
54111
54131
54132
54133
54134
54135
54136
54137
54180
54181
542827
54292
543559
543560
544298
544437
545503
545504
545505
54600
54601
54602
548481
548482
548537
548538
548540
548541
548542
548543
548544
548545
548546
548549
548550
548867
548880
548881
548882
549400
549403
549621
549622
549623
549624
549625
549626
549702
55039
55040
55044
55045
55046
55047
55048
55049
55050
55051
55052
55053
55054
551196
55143
55144
55145
551455
551456
551457
55146
55147
55149
55150
55151
55152
55153
55155
55156
55157
55310
553233
554167
554455
55520
555454
555705
555873
556300
556880
556881
556902
556918
556919
556920
557290
55780
55781
55782
559842
560240
560599
561074
56117
561259
561552
561557
561558
561559
561569
561570
561571
561573
561742
56194
56210
56211
56212
56213
56214
56216
56217
56218
56219
56220
56221
56224
56225
56226
56227
56228
56229
56230
56231
56232
56233
56234
56235
56236
56237
56238
56239
56241
56242
56316
56317
56318
56319
56320
56321
56322
56323
563833
563924
563992
563993
563994
563995
564181
565068
565069
565070
565071
565105
565117
565237
56639
56640
56797
56798
568165
568166
568167
568168
568169
568170
568171
568172
568173
568176
568177
568178
568393
568717
568926
568927
568929
568996
570414
570415
57100
57101
57102
57103
57104
57105
57106
57118
57175
57176
572313
572371
573194
573195
573196
573197
573198
573592
57374
57375
57377
57378
574022
574060
574064
574065
574066
574072
574073
574075
574080
574081
57486
575201
575524
575525
575527
576342
576343
576344
576345
576346
57737
577681
578339
578340
579414
579415
58055
58056
58057
58058
58059
580599
58060
58062
58063
58064
58065
58066
58067
58068
58069
58070
58071
58072
58073
58074
58075
58076
58077
58078
58079
58080
58081
58082
58083
58084
58085
58086
58087
581158
582580
582893
582894
582895
582896
582897
582898
58328
58329
583359
584770
584771
584995
584996
584997
586238
586973
586975
58710
587434
587435
587652
589506
589507
589508
589509
589510
589511
591932
591933
591934
591935
591936
591937
591938
591944
591945
592573
592722
592740
593543
59445
59446
59447
59448
59449
59450
59451
59452
59453
59454
59455
59456
59459
59460
594609
59461
59462
59463
59464
59465
59466
59467
59468
59470
59471
59472
59473
59474
59475
59476
59477
59478
59479
59480
59481
59482
59483
59484
59485
59486
59487
59488
59489
59514
59515
59516
59517
59518
59519
59520
59522
595220
59523
59524
59525
59526
59527
59528
59529
59530
59531
59532
59533
59534
59535
59536
59537
59538
59539
595394
59540
59541
59542
59543
59544
59546
59547
59548
59549
59550
59551
59552
59553
59554
59555
59556
596255
596256
596257
596258
596259
596260
596261
596271
596272
598488
598489
598490
598491
598492
598493
59896
59933
59934
59935
59936
59937
59938
59939
59940
59941
599854
60556
60700
60701
60702
60710
60711
60712
60742
60743
60744
60745
60746
60747
607660
608656
608657
608659
608660
60870
608708
608709
60891
61085
61086
61087
61088
61089
61090
61091
61092
61093
61094
61095
61096
61097
61098
611332
61151
61152
61153
61154
61155
61156
61157
61158
61159
611780
61183
61237
61271
61276
61294
613187
61376
61377
61378
61379
61382
61383
61384
61386
61387
61388
61393
61394
61398
61399
61400
61401
61402
61403
61404
61405
614052
614053
614054
61406
61407
614071
61408
61409
61410
61411
61412
61451
61452
61453
61454
61455
61618
61621
61622
616919
616920
616921
61837
61851
61852
61853
61862
61866
61867
61868
61869
61871
61872
61874
61877
61878
61879
61880
61881
61882
620829
62272
62273
62274
62275
62276
62277
62279
62280
62281
62282
62283
62284
62285
62286
62287
62288
62289
62290
62291
62292
62293
62294
62295
62296
62617
62618
62619
62620
62621
626367
62691
62692
62693
62694
62698
627478
62894
62895
62896
62897
62898
62899
62900
62901
62902
62903
62904
62905
62906
62971
62972
630277
63109
63110
63111
63112
63113
631201
631203
63130
63143
63144
63221
63224
63225
633645
633646
633647
633648
633650
633651
635070
635071
635072
635074
635075
635127
635128
63614
63615
63616
63618
63619
63620
63621
63630
63631
637443
63766
63767
63768
63769
63770
63771
63772
63773
637844
637857
63823
63824
638934
638936
638937
639525
64008
641287
641488
642591
643830
643831
643832
643833
643839
644627
644771
644772
644936
644965
644967
644969
644970
644971
644972
645309
645310
645311
645539
646525
64663
64664
64675
64676
64677
64678
64679
64680
64681
64682
64683
64717
647617
647618
647619
647620
647690
647691
648049
648175
649471
649740
65021
651581
652851
65382
65383
655476
655581
655592
655593
65606
65607
65608
656087
65609
65610
65611
656111
65612
65613
65614
65615
65616
65618
65619
65620
65621
65622
65623
65624
65625
65626
65627
65628
65629
65631
65632
65633
65634
656515
65694
658221
658398
658399
658400
659069
659130
659131
659500
659501
660297
66055
66062
66063
661048
661127
662464
662560
662561
662589
66265
662655
662738
662897
662898
662936
662937
66310
663697
663698
663699
66433
66434
66435
66436
66437
66440
66441
66442
66443
66444
66445
66446
665113
666442
666514
666515
666516
666517
666518
666519
666914
666915
670076
670077
670388
671854
672411
672787
673351
673352
673353
673354
673762
673884
676787
678617
679017
679018
67940
67941
68167
68168
68169
681845
682059
68408
68409
68410
68411
68412
68413
68414
68415
685446
685449
685570
685572
685729
685730
685731
685765
685766
685767
685768
685769
685770
685771
685772
685773
685774
685775
685776
685777
685779
685780
685783
685784
685785
685890
685891
686334
686441
686678
686679
687162
687163
68721
68722
68723
68724
68725
68727
68728
68729
68730
68732
68734
68736
68737
68739
68740
68741
687453
687454
687455
68896
689412
689413
69045
69073
69074
69075
69076
69077
69078
69079
69080
69081
69082
69083
69127
691503
69157
69158
692277
69259
69260
69267
69268
69269
69270
69296
69297
69298
69299
69300
69301
69302
69303
69304
69305
69306
69307
69308
69310
69311
693430
693431
693432
693658
693659
693712
693984
694061
694474
694476
694477
694507
69491
699038
699039
699040
700934
700935
700936
70135
70165
70166
70167
70168
702266
70284
703186
70341
703559
703571
703576
705079
70595
70596
70610
70687
70699
70738
70814
70825
70830
70831
70927
70928
71002
71003
71005
71006
710129
71110
71111
71112
71113
71114
71115
71116
71117
71118
71119
71120
71121
71161
71162
71172
71173
712047
712048
712049
712050
712103
712815
712816
713130
71384
71385
71386
71387
713925
71422
71547
715490
715491
715492
715502
716674
716675
716684
716685
716690
716691
716692
716693
716694
716695
716696
716697
716698
716879
717634
717895
717909
717914
717915
717916
717917
717918
717919
717920
717921
71802
71813
71852
71853
71854
71855
71858
71859
72004
72130
72131
72278
723803
723804
723805
723806
723807
723880
72447
72448
72540
72541
72542
72543
72544
72545
72760
72761
727676
727678
727684
727696
727868
727877
73108
73109
73110
73334
73335
73336
73337
73815
73822
73823
73858
73859
73860
73861
73862
73863
73864
73865
741158
742503
742508
742587
742588
742590
742591
742592
742593
743423
743424
743425
743491
743785
743786
74391
74392
74393
74394
74395
744437
74479
74480
744863
74488
745233
745234
745240
745241
745242
745243
745244
745245
745246
745247
745249
745250
745251
745252
745253
745254
745255
745256
745257
745258
74533
74534
74535
746122
747232
74864
748910
749565
751922
751923
751924
752193
752194
752538
752754
752757
752758
754351
754486
754487
755161
75565
75566
75567
75568
75569
75570
756882
756884
757341
75753
75754
75755
75756
759594
760193
76342
764313
765126
765879
76717
76718
76720
76721
76722
767355
767356
767357
76772
76834
768346
76835
76836
76837
768573
768574
76908
77134
77135
77149
77151
771787
77214
77215
77216
77217
77218
77220
77221
77222
77223
77224
77225
77226
77227
77228
77229
77230
77231
77232
77233
77234
77235
77236
77237
77240
77241
77242
77243
77568
77597
77598
77911
77932
78255
78274
78275
78354
78449
78451
78452
78453
78454
78583
78584
78866
79202
795835
795836
795837
796024
796025
79684
79689
797420
797421
797422
797616
797723
797724
79784
797961
797962
797963
797964
797965
797967
797968
797969
797970
797971
797972
797973
797974
79803
79804
79805
798060
798063
798064
798065
798066
798067
798163
798166
798169
79919
79920
79921
79948
79949
80274
80419
80420
81572
81630
81631
81632
81633
81634
816535
816536
816537
816538
816539
816540
816541
816542
816543
816544
816545
816546
816547
816548
816549
816550
816551
816552
816560
816723
816724
816725
816726
816727
816728
816729
816730
816731
816732
816733
816734
816735
816736
816737
816738
816739
816740
816741
816742
816743
816744
816745
816746
816747
816748
816749
816750
816751
816752
816753
816754
816755
816756
816757
816758
816759
816760
816761
816762
816763
816764
816765
816766
816767
816768
816769
816770
816771
816772
816773
816774
816775
816776
816777
816778
816779
816780
816781
816782
816783
816784
816785
816786
816787
816788
816789
818322
818323
818324
818325
818326
818327
818328
818329
81934
81935
81936
81944
82123
82124
82125
82126
82127
82128
82173
82174
82462
82463
82464
82466
82467
82468
829845
829846
829847
829848
829849
829850
829851
829852
829853
83281
83386
83527
83528
83529
83530
83535
83652
83653
83691
83752
83753
83754
83755
83756
83757
83758
83759
83760
83761
83762
83772
83773
83774
84073
84074
84622
84623
84648
84699
84700
84701
84702
84704
84758
84759
84760
84761
84762
84763
84764
84765
84766
84767
84768
84769
84770
85047
854221
854222
854223
854224
854225
854226
854227
854228
854229
854230
854231
854232
854233
854234
854235
854236
854237
854238
854239
854240
854241
854242
854243
854244
854245
854246
854247
854248
854249
854250
854251
854252
854253
854254
854255
854256
854257
854258
854259
854260
854261
854262
854263
854264
854265
854266
854267
854268
854269
854270
854271
854272
854273
854274
854275
854276
854277
854278
854279
854280
854281
854282
854284
854285
854286
854287
854288
854289
854290
854291
854292
854293
854294
854295
854296
854297
854298
854299
854300
854301
854302
854303
854304
854305
854306
854307
854308
854309
854310
854311
854312
854313
854314
854315
854316
854317
854318
854319
854320
854321
854322
854323
854324
854325
854326
854327
854328
854329
854330
854331
854332
854333
854334
854335
854336
854337
854338
854339
854340
854341
854342
854343
854344
854345
854346
854347
854687
854688
854689
854690
854691
854692
854693
854694
854695
854696
854697
854698
854699
854700
854701
854702
854703
854704
854705
854706
854707
854708
854709
85517
85550
856705
856706
856707
85694
85699
857467
857470
857471
858498
858499
858503
858504
858577
85875
85951
85952
85953
859894
859983
86033
861190
862060
862061
862507
862508
862510
862511
862699
862700
862701
86327
86328
86329
863426
863427
863428
863429
863430
863431
864060
864465
864580
864581
864758
864764
865619
865620
866102
866548
866549
866550
866551
866552
866634
866635
867169
867172
867173
867174
867175
867176
867188
867189
867190
867331
867332
867333
867334
867362
867363
867366
867367
867370
867372
867373
867374
867375
867376
867377
867378
867380
867381
867382
867383
867814
867815
867816
867821
867822
867823
867825
867826
867827
867828
867829
867830
867831
867833
867834
867835
867836
867837
867838
867839
867840
867841
867842
867846
867847
867848
867849
867850
867851
867852
867853
867854
867855
867856
867857
867861
867862
867863
867864
867874
867875
867880
867881
867882
867883
867885
867886
867887
867888
867889
867890
867891
867892
867897
867898
868860
869067
869068
869316
869451
869459
86972
86973
870456
870457
870526
870527
870528
870961
871244
871245
87288
87289
872998
873066
873067
873068
873069
873070
873073
873083
876679
876680
876681
876682
876683
876684
876685
879280
879281
879282
879283
879284
879285
879286
879287
879288
879289
879290
879291
879292
879293
88028
88029
88124
88125
88126
88127
881300
881650
881946
881947
881949
881950
881951
88212
88213
88450
88454
885256
885258
885259
885580
886582
886965
887055
887056
887131
887137
887567
887798
887799
88868
88869
89094
89095
89096
89097
89098
89099
89100
89101
89102
89103
89104
89105
89106
89107
89108
89109
89110
89111
89112
89113
89114
89115
89116
89117
89118
89119
89120
89121
89122
89123
89124
89125
89126
89127
89128
89129
89130
89131
89132
89133
89134
89135
89136
89150
891568
891570
891572
891574
891575
891576
891577
891585
891589
891590
891591
89246
89250
89252
89378
89379
89398
89399
89454
89456
89457
89458
89462
89631
89632
89671
89672
89673
89808
89809
90246
90247
903567
90381
90382
90383
90384
90385
90386
90387
90388
905038
905053
906620
906621
906840
907075
90756
90757
90758
90759
90760
90761
90762
90763
90764
90765
90766
90767
90768
90769
90770
90771
90772
907740
907741
907742
907743
907925
907926
907927
907928
907929
907930
909363
909366
909367
909368
909369
910446
910940
912593
913014
913574
913575
913576
913577
913578
913846
91496
91497
91499
91500
91501
91502
915257
91561
915850
915892
915893
915894
915895
915896
915897
915898
915899
915900
915901
915902
915903
915904
915905
915906
915907
915908
915909
915910
915911
915912
915913
915914
915915
915916
915917
915918
915919
915920
915921
915922
915923
915924
915925
915926
915927
915928
915929
915930
915931
915932
915933
915934
915935
915936
915937
916625
91798
91877
91878
91879
91880
91881
91950
92051
92062
92243
924703
924704
924705
924706
924707
924708
924709
924710
924711
924712
924713
924714
924715
924716
924717
924718
924719
924720
924721
924722
924723
924724
924725
924726
924727
924728
924729
924730
924731
924732
924733
924734
924735
92481
92482
92483
924836
924837
924838
924841
92522
92523
92537
92538
9254
9255
9256
9257
9258
9259
9260
9261
9263
92648
92649
9265
92650
92651
9266
926683
926684
926685
926686
926687
926688
926689
926694
9267
9268
9269
92709
9271
92710
92711
9272
927259
9273
9274
9275
927574
927613
9277
9278
9279
9280
9281
9282
9283
92837
9284
9286
92865
92866
92867
92868
92878
9288
9290
9291
9292
9293
9294
9295
9296
9297
9298
9299
9300
9301
9302
930276
930286
930289
9304
9305
9307
9309
9310
9312
9313
9314
9315
93157
93158
93159
9316
93160
93161
93162
93163
93164
93165
93166
93167
9317
9318
9319
9320
9321
9322
9324
9325
9326
932623
9327
932750
932751
932752
932753
932754
932761
932762
932763
9328
9329
9330
933072
9331
9332
9333
9335
9336
9337
9338
9342
9343
9344
9347
9348
9349
9350
9351
9352
9353
9354
9355
9357
9358
9359
9360
9361
9362
9363
936348
9364
9365
9366
9367
9368
9369
9370
9371
9373
9374
9375
9376
9377
9378
9379
9380
9381
938159
938160
938161
938162
938163
938164
9382
9383
93839
9384
93840
93841
93842
9386
9387
9389
9390
9391
9392
9393
9394
9395
9397
9398
9399
9400
9401
9402
9403
9404
9405
9406
9407
9408
940829
9409
9410
9411
94117
9412
9413
941326
9414
9415
9416
941652
941653
9417
94178
94179
9418
94180
94181
94182
94183
94184
94185
94186
94187
94188
94189
9419
94190
94191
94192
94193
94194
94195
94196
94197
9420
942008
9421
9422
9423
94247
94248
9425
9426
9429
9430
9431
943123
9432
943244
943245
943246
9433
9434
9435
9436
9437
9438
9439
94398
9440
9443
94434
94435
94436
94437
94438
94439
9445
944575
9446
9447
9452
9453
9454
9455
9456
9459
9460
9461
946131
9462
946209
946210
9463
9464
9465
9467
9468
9469
946981
946982
946983
946984
946985
9470
947061
947062
9471
9472
9473
9475
9476
9477
9478
9479
947985
947987
9480
948073
9481
9482
9483
9485
9486
948698
9487
948700
9488
9489
948927
948947
948948
948949
948950
948951
948952
948953
948954
948956
948957
948980
9490
9491
9493
9494
9495
94956
94957
94958
94959
94960
94961
94962
94963
9498
9499
9502
9503
9504
9505
9506
9507
9508
9509
9510
9511
9513
9514
9515
9516
9517
9518
9519
9520
9521
9522
9523
9524
9525
9526
9527
9528
9529
9530
9531
9532
9533
9534
9535
9536
9537
9538
9539
9540
9541
9542
9543
9544
9545
9546
9548
9549
9551
9552
9553
95531
95532
95533
95534
9554
9555
9556
9557
9561
9562
9564
9565
9567
9568
9569
9570
9572
95725
95726
95727
95728
9573
9576
9577
9578
9579
9580
9581
9583
9586
9587
9588
9589
9590
95911
95912
9592
9593
9595
9596
9597
9598
9599
9600
9601
9602
9603
9604
9605
9606
9608
9611
9612
9614
9615
9616
9619
9620
9621
9622
9623
9624
9625
9626
9627
9629
9630
9631
9632
9633
9634
9635
9636
9637
9638
9639
9642
9643
9644
9645
9646
9647
9648
9649
9650
9651
9652
9653
9654
9655
9656
9657
9658
9659
9660
9661
9662
9663
9664
9665
9666
9668
9669
9671
9672
9673
9674
9675
9676
9677
9678
9679
9680
9681
9682
9683
9685
9687
9688
9689
9690
9691
9692
9693
9694
9695
9696
9697
9699
9700
9702
9703
9704
9705
9706
9707
9708
9709
9710
9711
9712
9713
9714
9715
9716
9717
9718
9719
9720
97206
97207
97208
97209
9721
97210
97211
97212
97213
97214
97215
97216
97217
97218
97219
9722
9723
9724
9725
9726
9727
9728
9729
9731
9732
9733
9734
9735
9736
97360
97362
97363
9737
9738
9739
9740
974056
974057
974058
974059
974060
974061
974062
974063
97408
97409
9741
97410
97411
9742
974257
974259
974260
974261
974262
974263
974264
974265
974266
974267
974268
974269
974270
974271
974272
974273
974274
974275
974276
974277
974278
974279
974280
974281
974282
974283
974284
974285
974286
974287
974288
974289
974290
974291
974292
974293
974294
974295
974296
974297
974298
974299
9743
974300
974301
974302
974303
974304
974305
974306
974307
974308
974309
974310
974311
974312
974313
974314
974315
974316
974317
974318
974319
974320
974321
974322
974323
974324
974325
974326
974327
974328
974329
974330
974331
974332
974333
974334
974335
974336
974337
974338
974339
974340
974341
974357
974358
9744
9745
974517
974518
974519
974520
974521
974522
974523
9747
9748
9749
9750
9751
9752
9753
9755
9756
975609
9757
9758
9759
9760
9761
976177
9762
976298
976299
9763
976300
976301
976302
9764
9765
976534
976535
976536
976537
976538
976539
976540
976541
976542
976543
976544
976545
976546
976547
976548
976549
976550
976551
976552
976553
976554
976555
976556
976557
976558
976559
976560
976561
976562
976563
976564
976565
976566
976567
976568
976569
976570
976571
976572
976573
976574
976575
976576
976577
976578
976579
976580
976581
976582
976583
976584
976585
9766
976661
976666
976667
976668
976669
976670
9767
9768
9769
9770
9771
9772
9773
9774
9775
9776
9777
9778
977876
977877
977878
9779
9780
9781
978106
9782
9783
9784
9785
9787
9788
9789
9790
9791
979183
9792
9793
9794
979565
9796
9798
9799
9800
9801
9802
9803
9804
9805
9806
9807
9808
980874
980875
980876
980883
980893
980894
9809
9810
9811
981131
9812
9813
9814
9815
9816
981671
9817
9818
9821
9822
9823
98236
9825
9826
9827
9828
9829
9831
98314
98315
98316
98317
98318
9832
9833
9834
9835
983522
983525
983527
983528
9836
9837
9838
9839
9840
9843
9844
9845
9846
984614
984615
9847
9848
9849
9850
9851
9852
9853
9855
9857
9858
9859
9860
9861
9863
9864
9865
98658
98659
98660
98661
9867
986851
9869
9870
9871
9872
9873
9874
9875
9876
9877
9878
9879
9880
9881
9882
9883
9885
9886
9887
9888
9889
9890
9891
989145
9892
98922
9893
989338
9894
9895
9896
9897
9898
9899
9900
990091
990092
990093
9901
990119
9902
9903
9904
9906
9909
9913
9915
9916
9917
9918
9922
9923
992409
9925
9926
9927
9928
9929
9930
9931
9933
9935
9938
9939
9940
9943
9944
9945
9946
9947
9948
994805
99487
99488
99490
9950
9952
99538
99539
9954
99540
9957
9958
9959
99599
9961
9962
9963
9965
996586
9966
9969
9970
9971
9972
9973
9974
997495
9975
9976
9977
9978
9979
9980
9981
99823
99825
99826
99827
99829
9983
99830
99831
99832
99833
99835
99836
99837
99838
99839
9984
99840
99841
99842
99843
99844
99845
99846
99847
99848
99849
99850
99853
99854
99855
99856
99858
99859
9986
99860
99861
99862
99863
99864
99865
99866
99867
99868
99869
9987
99870
99871
9988
9989
9991
9992
9993
999320
999321
9994
999462
9995
9996
9997
9999
999935
999937
999941
999942
999943
999952
999954
999958
999963
999964
999965
